   Sesso      Eta TRATTAMENTO FIMPRE FIMPOST
1      1 57.00000           2     124      124
2      2 71.00000           2     108      110
3      2 36.00000           2     108      108
4      2 74.00000           2     119      115
5      1 55.00000           2     118      122
6      1 56.00000           2     109       97
7      1 74.00000           2      88       88
8      2 67.00000           2      65       76
9      2 70.00000           2      79      100
10     1 72.00000           2     100      111
11     1 69.00000           2      86      103
12     2 58.00000           2     116      118
13     2 61.00000           2      95       97
14     2 59.00000           2     106      110
15     1 50.00000           2     108      112
16     2 64.00000           2     120      124
17     1 44.00000           2     118      125
18     1 71.00000           2     106      110
19     1 59.00000           2      99      106
20     2 64.86301           2     107      117
21     2 74.00000           1     120      122
22     1 72.00000           1     112      116
23     1 66.00000           1     126      126
24     1 49.00000           1     102      120
25     2 49.00000           1     122      126
26     2 47.00000           1     119      119
27     2 50.00000           1     116      117
28     1 59.00000           1     123      123
29     2 53.00000           1     122      122
30     2 62.00000           1     115      115
31     2 54.00000           1     115      123
32     2 63.00000           1     121      124
33     2 64.00000           1     109      116
34     2 54.00000           1     118      126
35     1 57.00000           1     113      117
36     2 70.00000           1     121      125
37     1 55.00000           1     104      107
38     2 56.00000           1     121      122
39     1 70.00000           1     122      123
40     2 67.00000           1     115      117
41     2 62.00000           1     117      120
42     1 59.00000           1      99      120
43     2 42.00000           1      70      103
44     2 65.00000           1     119      126
45     1 64.00000           1     108      108
46     2 51.00000           1     111      113
47     1 54.00000           1      99      108