subj dose time
1    0   36.05
1    5   42.47
1    9   51.50
1   13   37.55
2    0   52.47
2    5   85.15
2    9   65.00
2   13   59.30
3    0   56.55
3    5   63.20
3    9   73.10
3   13   79.12
4    0   45.20
4    5   52.10
4    9   64.40
4   13   58.33
5    0   35.25
5    5   66.20
5    9   57.45
5   13   70.54
6    0   66.38
6    5   73.25
6    9   76.49
6   13   69.47
7    0   40.57
7    5   44.50
7    9   40.55
7   13   46.48
8    0   57.15
8    5   57.17
8    9   66.47
8   13   66.35
9    0   28.34
9    5   35.05
9    9   33.17
9   13   36.20